.Random.seed <-
c(403L, 10L, 617213242L, -1278455419L, -1080221089L, 499156198L, 
-1718020240L, 643078291L, 1548916017L, -109870112L, 293605502L, 
1716603657L, -1528771269L, -1626726134L, 769224940L, 1849261423L, 
-313310555L, 1295662172L, 976378930L, 2118482733L, 1198703079L, 
-1968489202L, 875156200L, -551510805L, 1902925193L, 235971864L, 
-608597946L, -2119503711L, -42518733L, 871835298L, 1725027732L, 
-1493091305L, -615764979L, -1883346652L, 1018234122L, 486351989L, 
1243975631L, -1715416874L, -1770098560L, -1405620541L, 69187681L, 
-1954658096L, 1109393966L, 766837721L, 859016171L, 686500442L, 
-336847844L, -817092321L, -2003814027L, 1190574092L, -1200545310L, 
-712754499L, 1384420663L, 1580210654L, 425525016L, 1561712251L, 
-1069214695L, 1918633128L, -900235690L, 1549097681L, -2132354429L, 
-85118702L, -529566556L, -1505188761L, 858631613L, 1466609460L, 
-1215853414L, -570314011L, 54561919L, 2114160134L, -288173680L, 
1103547443L, -961707055L, 1379420544L, 1141515358L, -1311575127L, 
845687387L, 1115623018L, -633130228L, 37639503L, -383070715L, 
482030780L, -1833146990L, -1198899571L, -1211771705L, 1572303278L, 
1325898760L, -1687859189L, 476456169L, -1072593992L, 340446310L, 
433286401L, -458478701L, -616649662L, 1127371764L, 811163127L, 
-1220312595L, -76123516L, 2065261738L, -1104735723L, -925258065L, 
86346934L, -234079520L, -1074797021L, -718706367L, -1123683280L, 
-1098748338L, 1003092665L, 1176706763L, -252868742L, 2058989180L, 
-615732545L, -1743352939L, 1725639596L, -169885310L, 47187805L, 
1248602711L, 2095915326L, -672292488L, 2083297883L, 1420996025L, 
-905490424L, 109556406L, -1194358287L, -859717597L, -1519714190L, 
-769154364L, 1953158279L, -2027575203L, -1679806892L, -866988934L, 
-1207953467L, 1863981343L, -1847306074L, -365577680L, 306086099L, 
-812675343L, -1355485664L, -1806903106L, 813939913L, -1170524549L, 
533050442L, 967810220L, 822102959L, -1534349467L, 701990172L, 
-1262383758L, -1899248147L, -1323021785L, -646108594L, -780276056L, 
451716267L, 3737033L, -1799681576L, -139042682L, 990440801L, 
1589862643L, 1373704034L, -355374636L, 359996631L, -874783027L, 
-988113308L, -1710418870L, -1574264395L, 2086841615L, -1350727146L, 
-876903232L, -1459830141L, -323350879L, -1508048752L, -2002408594L, 
-1595263719L, 1012106667L, 1283425178L, 1375542108L, 1664105055L, 
-2034605515L, 1588062668L, -1133354718L, -2103843971L, -424886153L, 
-182942306L, -1757889448L, 2055891387L, -1423495335L, 728304872L, 
66475286L, -1516943727L, 909118275L, -1350117806L, 1955969252L, 
470788903L, -908304515L, 189461108L, 1635806298L, 1885074597L, 
2109640383L, 1013773638L, 1431714768L, 1826821619L, 1099702545L, 
2100407616L, -1681724130L, 334993897L, 568007451L, 1402668330L, 
1096965708L, -820942321L, -1497387707L, -1362022660L, -705346222L, 
1383230157L, 49676935L, -561887890L, 807436104L, 1105054539L, 
630731433L, -1065535496L, 702125862L, -520730559L, -1497863725L, 
-1301085310L, 1361471412L, -522911945L, -1583851987L, 1529734980L, 
362697834L, 1089769173L, 1345243247L, 45860412L, 1785012372L, 
-2051863422L, -621704256L, -76615364L, -2099417456L, 195683362L, 
173125640L, 1047295116L, -1190730724L, -1435176814L, 930964608L, 
1973107732L, -1597376728L, -1442158534L, -2147305264L, 1806170220L, 
-171528524L, 343534610L, 748532704L, 2014839756L, 445604320L, 
263047202L, -458234584L, -1446113012L, 1299890748L, -2110318350L, 
-1301570320L, 1534261060L, 960429144L, -1813981638L, 1673982192L, 
1497429692L, -635178476L, 42204354L, 350661216L, -1034518148L, 
506514640L, 480692258L, 1963177128L, 408576396L, -1173442116L, 
1812245554L, -2048231616L, -1322782028L, 693124424L, -50653510L, 
-2064661744L, -668092180L, 2054605908L, 1354099474L, -1005171296L, 
1268135884L, -445320352L, -206996286L, -718626264L, -2110964308L, 
-2046047428L, -1405321358L, 1217437488L, -30063580L, 1819230776L, 
1776346842L, -1597865072L, -326330116L, 189235604L, 410862402L, 
-1538704896L, -306838468L, -192239024L, -831945566L, -1946339512L, 
576101900L, 13835996L, 344195154L, -2009161600L, -603432108L, 
-600710168L, -347733254L, -2126799024L, -147947476L, 1401426292L, 
-1938214254L, -789314976L, 329450636L, 645739872L, 1315956962L, 
606519464L, 1798146764L, -902830596L, -1071571022L, 653228016L, 
885999044L, -1398089384L, -150948486L, 1986856368L, 670099900L, 
929675860L, -119935550L, -1423787232L, -627332164L, 1677345872L, 
-238133278L, 631063400L, -1497561268L, -1361085700L, 1797020402L, 
532459776L, 580195444L, 420444680L, -1749251654L, -792938032L, 
-155497492L, -954153068L, 1255492818L, -2133505952L, -884547252L, 
-1027791072L, 475490946L, 22440424L, 1080890348L, 883555900L, 
-601744782L, 247422832L, -1328516828L, -948605384L, -310436454L, 
961361360L, -722759236L, 1928430228L, 635688578L, 31445440L, 
-1684496580L, -56461680L, -2141097182L, 355182088L, -561858804L, 
-1155106916L, -2054733806L, -1801837696L, 980713236L, -850048728L, 
-991600582L, -1736583216L, -985920916L, 2034027572L, -1458129774L, 
907001184L, -357084852L, -283498016L, 779444130L, 60125096L, 
-1828309876L, -880700484L, 1017772146L, -1720577040L, -2023292860L, 
-880577448L, -75231174L, 1965056112L, -877948356L, 646036244L, 
1247076034L, 389816032L, -919989124L, 844234960L, -31632478L, 
1943278120L, -1508874996L, 143768508L, 1304184114L, -1087714112L, 
1664745012L, -159287608L, -1715644742L, -313524080L, -1006912788L, 
1724721748L, -1449562478L, 2060688160L, -1881691188L, -1866548000L, 
-718361918L, -1654497240L, 932318124L, 393525948L, 2040358386L, 
1035978288L, 674328484L, -483818056L, -2042437798L, -589834096L, 
22899580L, -120397036L, 2088542530L, -779549952L, 1617358780L, 
-760990896L, 441480482L, -1211097528L, -1855756276L, -153857956L, 
2092841426L, -988169728L, 87155028L, 549840104L, -1124033286L, 
1756960464L, -2050962132L, -1339004684L, 2050717074L, 1696831840L, 
2032416780L, -275054880L, 1014069858L, 943267496L, 241915468L, 
1721744252L, -1283443406L, 1556184688L, 990477124L, 1895699416L, 
-889544838L, -913378768L, 538348476L, -399302060L, 1401408578L, 
-1677142038L, 1930678408L, 1110445617L, -626497373L, 428629156L, 
-102695598L, -1238140761L, 737750257L, -946627530L, -185428780L, 
876361829L, 1000317551L, -265159512L, -1092257274L, 151305011L, 
-301666411L, -1234686990L, -1557077952L, -1186807383L, 623513627L, 
-565330452L, 482876922L, -1308571089L, -784824775L, 1301647438L, 
1270610076L, 678017549L, -23906697L, -1406521728L, 1843981534L, 
1411411883L, 875561133L, -350718694L, -278130216L, -119698879L, 
1846190323L, 1837031188L, 755316386L, -3330121L, 289774465L, 
-896333434L, -1591981116L, -361842955L, -1957199009L, 1334726072L, 
281728150L, 221784739L, -1996256155L, 1956419970L, 969401072L, 
-1420167527L, -1084826997L, -2096120964L, -927302230L, 1356027359L, 
-327408791L, 187908990L, -556991636L, 275845053L, 1799142535L, 
1432490096L, 899668750L, -1505740741L, -1066043619L, 180540874L, 
266350312L, -321314351L, -2011696189L, 1431817412L, -809757838L, 
1010552391L, -1691029999L, -262422634L, 1841840884L, -751672187L, 
-1415439921L, 1983417544L, -727876250L, 647536531L, -1129266955L, 
1379780818L, 1437136672L, 791623433L, -1834737605L, -2064738932L, 
932105242L, -354115441L, 187135961L, -2147182482L, -159179780L, 
71616877L, 572932887L, -1401822496L, -626089794L, 463752843L, 
1939150093L, -1882957510L, 1308879224L, 1381534497L, -1336108077L, 
1326228212L, 1376881538L, 737409559L, 1025693921L, 1483421222L, 
-710480092L, -1866194987L, 746039167L, -606481896L, 511889718L, 
1742110659L, -145539579L, 54095266L, -1944997488L, -62895815L, 
-664334869L, 1268444892L, -18965750L, -1379265025L, 712207433L, 
-1427501602L, 813129100L, 493070685L, 623149415L, 502776464L, 
-146219858L, 1115163995L, 1284403517L, 824712106L, 158485576L, 
-738020239L, 1959379427L, 856661220L, -257734638L, 851733479L, 
1721291697L, 2128784886L, -926953452L, 463142693L, -653318097L, 
-1629621784L, -2059450682L, 1917192051L, -1504108587L, 1972754354L, 
217190784L, 92514665L, 1748811227L, 891548972L, -472645830L, 
